73541
9021
72443
52026
36583
18234
35001
5503
49224
61167
72511
81619
70659
92877
44133
42223
93392
64107
21007
85220
20522
96611
3851
11326
68568
54041
31097
51206
70312
7201
67172
43852
16223
39615
95879
52806
57849
30879
58310
7073
92047
30821
88693
62705
23698
32826
4928
17089
96933
25935
2309
17455
22546
6161
28781
91115
60202
59878
42320
30514
67080
9492
74366
83303
49107
70245
36109
6956
1123
94420
14029
93171
25241
2722
55875
48939
35548
60804
66029
32481
86739
68338
49936
9285
74499
78717
399
34701
38595
42720
65215
5675
52212
39581
88979
1319
9825
25088
8275
10949
19508
22305
4119
44749
25027
59995
93688
60575
20798
59716
93057
7537
28054
42992
16822
2553
21709
17221
37254
60305
59942
2469
65980
12154
42050
54959
13473
51876
80047
21748
62825
99555
44054
66945
44303
69081
26939
37991
29656
47738
97708
22712
55275
25761
65705
72098
28315
87415
89320
65569
47719
49261
68039
13699
61415
10089
68658
74888
61965
48705
96637
24790
48259
40690
91735
92563
9770
18674
30554
39427
66412
28261
62139
21686
54023
27844
93784
82338
15258
83103
47907
62978
32364
15946
76678
93779
26035
45336
68667
88000
94041
65303
12790
42300
5993
4525
34863
15764
23199
65417
55191
89612
93679
17330
11298
47702
45174
5082
30039
60433
88185
77947
23410
20549
93893
87
14328
19928
45423
82995
7928
39464
48298
20718
81764
54291
25243
16626
70055
48443
82044
25245
38054
75722
42575
49352
23423
87750
54434
53463
48182
42619
31410
71592
63168
25303
71680
77496
45231
17102
60491
53159
56566
8788
73877
38330
63079
99121
54957
33133
47563
37000
58378
85618
12722
953
34969
36146
88703
89403
89610
36884
32022
21020
8476
95190
46323
80156
72686
91555
97258
33176
44713
53824
41964
18590
92154
5042
17711
47111
38176
65275
84112
96555
50892
96834
97508
85861
32980
86211
75264
22590
23094
7285
43610
31571
2475
89934
11726
75162
81488
8984
8337
26201
62808
50302
44791
54962
55345
62503
2072
93521
27777
86184
90075
78669
83018
87583
64530
15998
73793
39793
38588
96888
47079
82199
28458
49555
72133
40185
24716
53620
49169
33054
79822
11976
83356
24613
66939
38701
87116
69011
32221
14892
55195
22296
93561
38213
9879
58091
54211
83672
97884
92800
80560
44963
74999
9018
94518
47131
49203
19233
751
98372
52288
80573
10348
35643
5185
77287
74344
92301
46298
6565
7193
1493
28862
754
39706
38741
58845
93918
22413
56728
86717
2972
1691
61715
11991
96209
8845
61194
15442
9596
59565
67730
90170
69914
3373
95355
47200
77718
87656
93499
84283
94849
94992
13144
95603
34698
51886
54447
28615
74299
11175
15332
77272
12866
77048
89263
9075
85893
50456
24518
95490
10021
92249
85659
79935
95622
81014
27135
73339
68669
20633
57622
63517
15625
70766
59120
50324
22651
13567
78939
96951
24742
94272
74222
37609
71319
63484
46685
57212
13940
71204
52702
23961
63452
38361
3896
59074
19374
31031
32413
88044
51665
90035
51561
67290
60801
10680
17613
83453
24247
96553
80403
48990
90824
54625
86600
62143
18109
33284
19354
32049
4487
72056
56011
67940
10416
59907
27013
29791
90938
59427
17834
42603
49461
69395
9892
10262
80076
27506
93716
4323
24059
74119
53313
14882
28743
39912
77026
46852
73197
96380
78902
77685
68436
34912
45624
78853
94820
72638
8643
85757
32064
26478
28359
81526
95874
38252
91789
75950
65759
85504
80273
89818
59622
33586
4700
88366
73498
81726
35218
46695
78106
14120
24379
46541
49032
70004
25393
43851
42641
34037
29608
74706
60516
57968
56232
56390
96221
48021
32339
61979
33524
12611
51797
93147
46198
56497
81513
19695
38222
16731
66391
16327
30851
90770
62869
79884
60774
88263
23735
3415
22300
53344
78121
82816
11311
34353
39205
7532
82374
71545
69512
15898
84157
21308
9045
30354
77806
90558
50050
16028
7288
16440
32356
38140
7210
95225
18023
67984
83487
41758
71399
5786
95102
49520
88603
6413
83873
27808
13946
66247
99353
83458
82146
83509
4766
91191
13862
82572
81749
63912
98601
89037
80352
30956
27177
87563
26180
45200
55546
9667
86959
26945
15454
82060
76465
4057
88474
60338
31865
2419
26585
31217
85878
8730
14726
90644
99921
28588
73216
81669
92501
71816
70706
72853
2772
97883
60415
28953
43083
15961
38620
30041
42906
54075
12101
19371
58132
574
79709
89997
2994
6294
21214
88872
15024
35941
79516
14944
64529
52731
96614
57030
24547
67319
29882
27320
65202
90297
56273
8285
6258
94894
38326
49164
48968
50427
68535
7100
51002
48244
97098
53996
54538
18311
42868
69562
54252
22383
84507
18781
75115
81120
75811
99662
48439
5693
26982
13641
95991
83255
21926
2248
78148
60253
51412
27116
10680
19947
34216
61682
68191
31313
15678
22728
49625
58546
92291
3876
80929
76797
22658
56043
57916
98470
55705
6355
4163
82687
19996
153
65942
41923
2401
44089
2175
53814
71205
12855
73761
5420
74537
41952
36734
90216
64680
86359
48761
56970
90236
29690
33767
12893
85734
91684
11363
41439
98039
15526
24126
18035
15680
90068
59958
18081
34156
62133
71896
5361
74988
45657
10782
49525
87609
47516
39741
52289
33874
88502
9259
24109
18192
43026
37003
3925
34710
48366
45364
32748
63893
69491
50784
79573
59558
10742
97655
93715
72875
69550
99076
47863
15207
9858
97389
2815
57374
37129
55105
91249
25631
64364
15357
43823
7390
52360
47749
42100
726
93114
74849
64619
62604
25633
44191
22161
36375
41846
15876
9249
11395
14952
57113
26602
24810
54502
29418
82185
91632
84523
73433
17262
48887
88791
61086
56278
41151
8835
98378
41877
1948
73227
6496
64553
98860
50688
86715
35234
92534
2590
44484
3929
17542
1597
30532
42353
56100
59950
24537
47731
44473
97971
64994
93360
86761
26080
49637
27912
34915
48015
69789
36864
21242
76286
1416
20101
26974
88131
55336
19508
90721
99821
23437
8263
1418
53970
50617
57518
13919
75155
5248
58392
73125
70242
51752
59886
96323
1389
87798
31237
49404
57587
68101
70646
33873
69517
90748
60847
57647
46083
80356
48368
45904
3792
56632
47322
57763
7249
4839
71682
82404
10088
30074
55529
80330
81826
15414
76652
83215
3212
7889
32619
60799
75990
3265
94673
45507
94013
55519
3154
40096
35874
51523
86000
39667
8154
33321
97430
15403
38160
69112
97808
48248
99187
53336
28578
81013
68751
5230
64227
71963
13120
96847
32762
89110
111
27434
34616
94124
82953
37771
34220
18827
89294
20219
58495
97448
53540
55925
12851
91701
25037
10659
39949
24223
63995
68528
5235
32745
73759
69463
4708
86879
66309
37470
75989
66421
64904
10605
60545
47857
48376
94765
66684
37669
14983
25179
35117
68524
81105
47969
60225
6142
58628
173
30365
22622
68702
35601
55368
42460
5063
60076
29339
71373
97546
5327
37794
62449
15933
98339
10305
64309
93104
76990
1978
8086
2169
37095
76611
83275
85064
36835
89417
43691
37009
19781
66314
5711
55382
21681
48172
60446
81758
77511
31819
79303
82839
69613
41752
98772
67952
52058
63081
61055
29048
65059
69142
31218
2153
45752
14492
87218
82588
3908
30909
19596
23690
97223
25308
79073
18904
73480
39518
661
50990
71338
79965
33829
40950
21717
32600
8901
73776
95682
69957
2823
60740
39098
34042
62894
84850
48534
50112
67437
52443
81021
87034
76133
78244
12341
55205
97148
85821
94724
97810
36811
66061
77775
70640
7011
99493
3240
15913
73268
98922
85870
76092
59662
24967
10133
22555
9817
58667
72667
77254
11110
53688
64288
87243
31931
76630
42448
29079
62451
37171
26888
99262
3232
4663
69902
10244
4155
73142
26158
77424
72064
12027
53515
31725
36995
63649
54281
46812
22315
26947
24066
33426
80636
88355
20668
12566
64984
63116
41645
27434
287
68534
26696
3520
73197
96599
13765
77352
69741
39923
54776
41804
51950
8290
73530
88946
71939
27810
35757
94255
54758
59823
27680
35393
48177
48349
47959
13161
11464
89605
40596
11752
58138
67293
15273
31334
63891
29038
8686
33632
68961
63462
75436
20911
71753
48966
9856
43692
76776
45613
37946
31533
5436
65627
66926
53614
13975
14885
66775
25440
4489
7370
37192
62628
74663
52465
93963
38554
81503
2649
72186
50464
66112
47622
71375
37864
96588
81231
81556
73364
26844
19502
4896
32280
85130
71823
85894
99105
86709
52669
24544
91199
60039
61737
53826
34702
14202
47789
73257
95706
50438
45442
46169
16549
93065
17544
54414
89652
98776
35970
63015
25619
55473
67912
57900
40602
39735
43794
39706
26444
96463
64251
17642
56502
25988
71469
91205
40190
19257
64461
35895
69696
9903
82065
86246
2967
99609
40659
92620
98384
76630
55635
24002
32102
23546
81903
72705
63282
25696
12411
89726
22159
76663
7368
78661
2650
78837
69866
42840
98095
34326
78736
67790
44229
60800
54036
47196
60408
94696
39815
58791
71325
95451
82794
3427
18997
64697
76132
82279
90393
88544
72005
12552
65206
79373
91214
67856
58209
61079
10696
56304
95405
89432
24094
39633
50231
78130
86830
10639
72825
26645
69431
44150
22095
52225
47577
41092
16921
23709
23371
7313
12252
95376
19866
77459
74748
11079
45314
32957
72158
56010
89262
67562
45442
13355
7195
95674
91486
94026
6313
64311
20671
75744
8460
42766
27968
56038
83859
44889
79748
7230
52203
92000
2605
72069
69459
77354
83148
14772
10311
55306
70783
99573
22868
16225
12928
30063
11898
4413
24089
18211
68724
44760
93956
77184
87527
21923
33222
71386
66813
12969
78616
19016
4969
81221
91086
74428
58575
74234
89200
68886
29539
59983
68458
52407
76208
81386
82471
88107
85800
6559
6318
54523
51319
273
31707
38845
22197
64929
10231
89011
77899
88847
8026
82868
70068
99113
57295
28642
73346
46495
97528
2884
6478
65986
55291
82686
47372
37761
70793
33171
44321
77111
87695
95640
77385
19402
34485
99583
84332
44716
88593
62230
33563
96620
45097
3630
95732
2392
32272
69077
48888
29799
71962
55366
95786
27253
38051
43157
65015
8844
76329
9335
85955
64023
4975
63340
83425
39461
62922
67756
84178
51515
29985
17740
48134
75083
21370
43866
77476
53643
12943
26363
83443
84905
81729
79228
12158
19780
22385
77173
28624
98714
86509
14579
62736
91484
77919
46161
30945
40841
13916
15122
92356
43902
32863
40490
18984
54234
84357
96461
7876
97300
22823
91319
82205
4551
70547
94363
24331
92932
71535
52956
91646
58043
67536
54382
49527
45455
542
80472
86296
14458
95595
78652
58361
28458
19142
77346
82692
3498
73806
90569
797
96629
81888
83002
1180
52434
77365
25512
45366
48899
78468
37011
6942
46003
91394
56470
91458
91936
36941
77754
6394
32536
56405
64755
60994
75547
42100
43685
79046
15906
34254
79843
12534
16141
62845
13715
68576
40209
39227
13941
89109
17694
50953
96052
63698
42346
52521
55155
34282
89463
32909
40676
21999
89314
5431
82993
64861
47532
26678
43906
63438
60932
23749
75973
77074
86594
89688
45649
26803
28914
59591
15912
46609
10544
11963
10306
52891
64485
65461
87173
53948
98370
27848
75947
87684
33280
58939
52545
80812
85618
96451
44249
46550
20200
20222
23623
6793
9909
69272
33597
38824
28862
49510
85433
39406
61474
95739
92297
25958
61200
79469
79907
59570
7317
55853
47254
40597
14792
99799
21409
409
96250
65659
46960
16449
85881
70583
23243
95791
39854
56840
34614
68717
6350
20047
8122
67824
15785
419
93782
76986
79888
73688
36555
87206
29541
83809
27803
44333
83608
49212
44743
79857
14870
91704
96306
751
62286
19549
96542
2139
76390
31156
70857
82740
51203
78979
50563
66988
79398
44345
43973
59286
18032
80529
46492
47574
64338
74296
91908
47945
23507
36651
27801
38378
28354
24107
39129
90640
43656
35671
92780
20046
66827
63636
2785
18029
42615
53348
85018
22013
97693
28991
81300
15725
9519
27792
63300
73858
2087
55207
21802
25595
91858
49604
63973
20212
73712
3102
10851
17368
38774
3631
37414
5600
67268
40199
23630
9882
93548
8647
31896
91240
37639
13195
6965
47158
40987
70265
21015
43075
25472
42818
68670
17329
92422
32643
37542
66133
35746
48393
83501
74520
52025
20915
80120
19292
61114
3750
29174
54661
12398
61071
45901
50037
74266
52867
97195
15253
23132
18210
58328
48604
61029
26997
65934
53450
59641
3475
19583
95387
51869
3084
69906
3893
23999
50026
23185
85113
53776
52360
39774
66174
13431
85676
16210
87697
38543
13405
2950
61675
31616
61279
10279
92645
88277
76213
46095
47917
79689
65678
43303
31558
68762
13209
35451
92761
63235
58637
77874
17011
10997
17648
83186
24428
3323
99397
12125
41867
12802
15075
3541
44418
76354
13821
37063
64630
90035
83158
12547
69723
48836
55850
1280
17598
69059
36732
10358
32294
95369
88233
49306
6366
5880
32491
30794
9204
31888
42919
51071
44690
57995
54613
89109
34349
68434
26172
98979
58468
9330
11526
28191
58166
67376
29472
75764
36435
66204
86123
68730
61573
74356
18035
67939
80236
50527
98733
89441
82415
41652
40512
27105
99647
95125
16213
33995
63559
42385
32974
22027
51715
44500
50219
9881
11876
79691
85646
48312
45894
71768
17041
7467
46123
35077
75406
26359
85604
74139
15799
68019
15790
56312
95124
15437
51436
11337
49433
14995
53723
82407
37023
5437
26907
87242
15319
38783
66932
964
87096
12826
72733
4136
20293
18855
39213
95700
45215
24817
69838
61015
92836
85629
17326
87960
1065
68763
99297
50498
83758
53019
32905
20780
58457
59812
8022
73776
98596
74955
74741
85691
87781
47473
89828
8074
66329
29041
3774
11543
53858
73612
72558
46694
59241
89884
34654
60306
58646
33950
10804
42404
86970
43710
63184
45426
3521
71207
19202
2117
46161
93943
87809
33942
41415
77636
42016
7743
6677
45791
19286
60535
19403
91845
7229
78644
81728
41883
38950
40374
75834
49755
82778
62803
93465
45962
8228
96987
17168
27430
99104
63329
21373
86912
97271
62788
64548
39287
70532
71225
85078
89818
31760
4480
81663
38990
83125
63391
80873
22074
3764
56707
71829
86542
19509
65293
32504
27738
62279
49673
55168
61383
13001
76541
48295
10272
39329
12842
49560
9860
84068
34638
99679
15828
39119
81341
54818
22243
44731
35691
44317
48496
92398
16146
35038
11906
81439
67542
39644
43718
17214
94813
5100
30216
71354
53396
40489
10683
66238
90050
20544
50306
24687
20222
66134
63806
1563
20952
86049
46295
56643
30366
94791
49040
46512
29829
60947
27951
97371
591
71670
14585
95405
76770
44802
66759
30166
85291
77442
96405
75340
97986
46710
27
18208
12844
63833
19772
33796
49882
66067
90439
80248
60858
39479
26759
90687
426
54711
88058
1017
26380
2642
96423
3150
47444
63181
33316
32735
40623
29720
8075
38609
76431
8102
56817
89275
71936
76589
23070
21817
42656
13509
2064
3513
52988
28824
94200
53414
83536
82257
54432
9915
84900
50854
13065
32344
14035
46382
65080
54658
76102
73156
93267
52533
81259
50084
41807
53194
26673
64878
75012
69329
78387
77077
72842
31375
5900
67042
84790
89436
49299
39221
99352
34199
90076
12417
66543
4110
58799
31623
58769
34901
4778
52036
87434
86037
2119
29240
39231
28792
94119
14242
98121
72505
91319
70963
3880
97220
38005
88670
86656
87305
27891
86007
21503
17967
98424
88047
22078
57223
19669
80847
92124
24447
32882
79557
10483
35002
8797
49714
63794
2915
63957
61914
75421
55275
32877
79301
52494
70882
67971
39150
58187
95863
25156
79690
13829
23580
67736
35908
80803
87405
16754
72926
11852
49637
52483
22336
84639
61280
72051
48433
64196
36007
10346
39616
91283
43224
18917
43777
14106
86889
82927
72293
82752
8082
51982
96582
31662
19718
32489
12465
7122
49244
85391
18975
98882
37873
41311
83520
99154
13361
31952
63349
49368
42299
2965
40650
85524
21883
84427
99630
8772
67353
71923
91524
75436
23904
88105
7098
43623
20594
19563
50746
69838
4954
69721
68719
42828
11031
52239
41981
24392
84192
5330
73761
26490
8296
14411
12014
30180
98838
11643
38952
66191
83566
30476
41627
7470
18581
48725
51094
39175
68289
1839
9013
73243
71560
77732
16070
82592
29971
58052
6983
14162
63383
80745
40653
71680
95156
52667
1859
93993
64310
40812
60184
47876
71289
1810
55347
89870
50536
6440
29045
18824
8279
38058
92068
79840
15790
8138
62431
45761
66190
69415
59923
29573
50159
576
1252
45314
53243
3112
39307
17553
43925
99492
65429
15213
1301
20776
5083
51837
27217
34128
70662
35496
72187
62729
15336
87977
70867
77768
33738
37057
47182
93662
66631
97341
94238
67884
42655
47480
70996
81963
65033
14921
81454
30462
30134
82756
51238
35218
34593
78455
69346
5254
13951
41532
67984
29288
29509
38850
7055
63248
75908
54237
56909
42538
51578
51146
10421
94234
98627
81418
76196
63659
96339
57650
94122
26473
40405
45359
61691
74998
23814
31036
80253
37766
72569
48236
67054
2078
87087
74109
65326
62995
28346
22234
5532
79924
73381
15954
74157
72008
97372
50353
35667
93711
8002
29788
20183
48407
75148
81874
23405
98962
12910
3657
36728
85480
51894
3781
87558
38981
77891
52884
1975
6236
75118
7507
86160
48499
23462
60317
20506
20833
10669
56173
14543
18671
85962
34727
67079
61109
16600
90484
60071
29510
94142
96799
14989
46035
580
2547
85016
78471
55431
86991
84707
30549
94499
70867
79049
17960
31183
99556
38794
41853
55728
53338
60524
41690
88065
27603
2798
4665
18086
62870
34176
12227
59668
49166
58263
60249
51713
43279
38719
7144
30270
23426
37693
24769
94293
16741
42730
25476
16296
81524
67329
72025
34862
27853
13715
22927
55456
16513
27592
73543
79384
61769
85771
39052
10934
44033
99301
62648
87312
38019
69792
17582
61446
7485
42351
55738
24226
85081
81214
40523
66604
48542
12548
1466
76396
26263
24393
31851
42777
51986
5394
22160
13755
91165
61213
24689
35197
60513
87337
22509
98533
57129
40091
59978
64614
82442
15716
88841
67522
96930
29364
34126
45472
41912
35593
21867
68176
59987
53719
10953
11972
59113
33113
25728
50277
94327
50417
85475
54839
37754
7983
53372
94883
48075
13349
59497
30516
29066
48337
98039
25995
77701
32165
71468
19613
67758
93336
87789
27744
47055
98742
39717
6168
31855
65445
56445
26181
15862
41920
81021
53617
49904
34392
48500
97979
47742
7996
28495
76808
56333
26534
2803
34034
58699
74271
53647
26456
67607
41436
54201
14661
40177
93918
20829
72033
59363
77275
98215
75225
19194
79235
28841
69099
13627
77341
67077
61369
85338
95573
38177
41671
22106
40980
75705
80806
15251
29352
7262
82858
70788
61463
97520
10965
55381
18348
82998
14744
95623
81212
89969
14817
60446
18810
83916
74073
96152
50993
35442
81490
46566
73619
23160
68673
14599
98865
49478
29851
28216
56741
12709
99004
18203
10228
9969
73585
28576
92967
88329
24199
74179
78298
39017
34625
97109
22933
8698
93261
73927
44140
74750
20492
17759
97910
89165
32359
96774
38643
62210
24990
95384
74919
23994
13587
85147
33963
87172
13723
26930
75501
37923
1108
53798
76940
35733
50907
99874
44431
44167
73800
88572
18916
94292
6331
16826
83457
38690
13600
22099
900
38590
17483
75819
62585
31070
60966
96548
18242
74690
23478
93743
12612
24586
47541
89553
60319
98449
89426
4750
42615
63226
93323
61532
57517
99654
78359
40974
38343
91959
63074
39244
30549
80557
15062
93134
11626
76029
89682
29869
50719
13159
23611
63332
37745
71153
52884
98065
69601
42310
2815
12216
5535
96138
73748
63053
95791
52106
4026
34134
44065
67100
73378
74614
47657
88441
67748
59283
64470
57429
89152
15188
70589
12763
78521
8334
83916
31405
6399
53517
73715
9214
65733
79251
5352
39480
42304
1143
91587
46330
35277
35651
13430
8655
10265
61087
97097
78013
20370
61567
35441
9522
76756
6030
22286
55276
14364
6202
86681
20763
59719
60396
29978
25451
39647
35330
64932
81951
36473
56519
28281
71751
92171
41712
80407
2435
2798
77503
80448
23169
39070
15889
32691
15825
21919
54978
71101
36284
61180
57782
57047
20898
18177
87026
46350
57824
22355
11282
39775
58828
67801
68056
30579
59971
9767
10985
62407
12566
88489
42854
35736
27558
58744
68428
43383
80664
23405
14484
16947
84585
72266
73995
5482
90444
61020
51833
48268
83375
63115
88043
42203
30915
56099
72783
90887
65867
83768
53293
78434
72257
96148
14169
99815
54891
82597
43198
35554
6001
57682
52501
90587
29948
26496
96070
20391
87516
47902
68659
70891
11016
56702
13093
41932
12800
85877
32819
78668
69645
86112
57101
41901
82259
71271
41716
37150
53868
84914
72704
59870
42596
25205
50456
72545
51701
46525
92936
39217
94428
61595
10107
5444
18296
23201
47376
31097
9077
80195
9764
78722
66307
66866
20623
48566
38137
62339
85716
92005
47253
58419
51874
89850
83625
2330
62394
35326
48856
55329
74543
43283
16923
84651
48728
35220
7851
96105
66317
16929
76299
76082
95652
42606
42948
16274
91172
81085
78613
76887
73090
25866
35306
24964
15715
18930
27294
78109
54257
76151
33438
28799
19434
50361
13449
68162
85582
21301
64266
51899
38231
40565
27981
33882
83171
70929
50156
74342
52014
28769
51229
25104
54635
86535
50068
70350
5465
77363
48459
59722
53513
81897
88521
72947
32258
1970
41108
17839
23272
5373
69738
61503
45939
97719
95385
29109
68648
45541
3451
20662
74310
54680
45766
28945
41214
95834
99295
46679
73196
47754
6400
26709
29650
94922
99656
61908
96893
40764
79748
20164
46138
49485
81668
92077
47204
77052
21186
15852
22593
24637
36514
96903
79317
82280
25847
20531
78114
25142
67210
51310
72896
73611
78019
2545
68533
77675
64454
65425
18439
44201
85590
64577
93687
67257
56654
40890
44308
77840
56742
66901
2477
93256
63804
81795
75536
89652
2325
53649
14793
69536
4958
87690
43146
82977
90236
11678
60652
54689
77104
79091
98890
62693
43668
92576
29949
321
33466
74258
78162
90209
41159
80639
83464
4962
62433
58999
94615
64759
12648
9407
34294
17606
97097
77441
583
87332
89119
61235
42021
66223
40325
40911
28915
83993
33486
58864
84315
66953
33122
62477
57161
74281
43115
40625
79244
5548
99624
73858
70308
12272
83266
4601
29878
80362
82042
30461
67694
71161
91697
9715
37383
32022
50626
66299
16014
84112
25162
329
51065
58285
62806
8225
32565
5921
48850
11808
11470
48474
85667
81778
60746
68932
86379
90625
49294
68421
21086
16987
39581
12782
26702
76965
44804
77329
43263
60819
61441
68426
61149
12505
26710
23954
20730
59276
29876
69581
71085
41346
18055
56751
23123
78801
25682
9502
69426
74976
77923
90512
91964
17504
3294
18666
94470
48099
95995
37733
8917
57435
6159
70067
69940
32869
94021
90671
92146
23896
60251
63230
65243
78306
19980
88366
57107
45662
97869
26533
20637
75792
17044
12601
93297
20338
31267
87766
68438
27261
25499
77355
84696
31658
47421
54635
64528
41442
45305
56673
65339
5556
19902
30581
83863
39883
18947
40970
85545
16816
67503
6182
92608
84547
18783
85904
4885
50050
73670
73323
77312
99169
50678
62007
30826
98100
16641
95355
39542
61947
52027
4880
67504
71930
35462
51366
11812
54409
92336
97358
71226
59838
3540
63833
44385
22324
49737
49271
72375
23406
22594
49686
22575
73273
11692
53402
71372
28334
48756
10913
90281
783
15794
57784
72714
51256
9150
84526
5665
1486
81884
76891
61324
85425
40724
5709
7748
90461
54981
80123
13867
77576
29809
36442
50848
41501
89844
22220
69835
38599
33134
60116
39383
48928
17900
12096
184
27050
96623
5850
28537
78506
82742
89861
63930
23465
95571
71679
13926
50552
51802
27793
28127
81611
64235
78975
23111
54079
1195
92947
92679
34329
53063
32061
83258
70963
44157
83442
98014
40779
89293
26551
19285
72035
16411
83216
95500
11982
54894
9426
62534
6696
37220
90662
88307
1454
69636
11418
55534
70831
4365
48212
5160
57428
80273
88418
28391
24430
71860
26405
65210
61152
52956
84495
33186
69368
67711
28686
81351
22605
38113
43884
29301
75333
34546
17607
76788
4181
29026
32321
75013
33391
80534
80173
90819
60806
68591
19210
85237
40450
45615
50446
1601
98572
34941
34788
67939
2652
63475
49289
25257
1587
93174
54559
76920
27719
72167
53707
31901
1192
86029
6914
34583
66562
87087
25402
27368
55678
44612
12604
96128
90228
63051
97730
88799
97993
32517
56738
644
95993
6027
25902
97580
99202
80461
74500
26920
52628
28207
58822
53820
14235
65736
88404
80797
52823
13806
8165
8500
58418
20770
4627
48646
83821
2357
37445
81814
34874
94184
82459
30867
210
8360
28446
99412
88822
2945
26332
41449
31152
85154
95270
45388
50890
83673
26185
3712
97479
34350
12213
55897
55120
16840
4543
38941
19198
41989
20754
54072
36172
3212
84939
36382
11573
13385
35794
395
16331
62126
41845
47484
47279
37114
92872
98169
20787
19056
1881
18266
53406
14094
74163
8526
30935
78707
47467
50133
20695
68221
4205
56867
71434
89145
93250
83008
2530
29043
83403
18861
91169
25248
66345
38448
62362
59217
36617
83150
78274
38499
1415
31680
52593
75579
40206
83529
54285
87673
33662
74981
55894
37868
31847
27327
27012
25096
10334
29542
54140
93738
48404
45308
18985
14749
83757
81348
73967
20373
64497
52240
58873
65913
83920
11465
41491
24125
94995
95777
11797
28656
70757
67692
66524
2604
95019
93537
27701
5353
23079
81841
99091
71484
27149
18076
86233
10905
99424
60199
31279
63921
12438
90152
29834
96359
1617
71325
20483
96613
67102
32281
25269
37859
99973
91794
40464
94992
85331
68165
344
8409
50006
99436
79893
77155
17512
66126
88061
16936
26325
19340
80857
38764
9492
10691
35122
11110
82016
55605
7722
49118
87887
32991
86978
87859
24785
27441
82850
10115
95606
83195
18524
45612
82631
98418
22766
142
64544
10827
17078
90869
30167
97936
29633
39660
8626
64755
50770
90643
20360
58492
39760
8247
91484
26738
96106
16268
54179
78956
26383
49785
62151
44908
95397
44781
43326
18163
44923
7869
28990
62002
98739
59158
59937
28372
98818
68564
93127
49587
59206
13487
8079
98967
21734
99563
25704
17840
15831
79883
96797
42215
29668
58948
87124
25064
3728
30449
43227
48652
38319
72218
10654
37057
31376
70591
65429
30193
39154
58556
79781
98361
72044
87861
97327
93779
87424
23030
11619
3254
2913
8415
45470
32581
67364
32593
57646
71092
63042
873
19744
1360
73091
30398
38418
4466
989
3847
34660
40144
62403
14441
38504
34447
2301
35830
28225
89726
58861
39844
92981
61775
48260
38450
94357
15623
71043
52002
86716
34085
52875
6460
35445
25966
36858
73864
30433
37848
77711
65094
77992
40114
79536
16495
74561
81837
52326
2786
71563
11186
42631
64543
72962
90892
2992
67318
6515
74035
19319
93231
8120
72195
99692
43566
98162
36549
17429
28594
74397
95141
93689
52389
35254
73224
68884
9815
55061
21209
12602
26623
32396
55234
91166
5357
46125
94158
72676
52640
68193
91995
45871
76313
64190
45563
19878
62351
82112
37308
90946
56509
32448
84634
8898
67703
57857
77782
77518
12918
98992
90121
39541
31388
45354
30706
36746
91480
24864
9421
44120
93057
1416
89991
69370
65606
35554
89248
27957
17666
26556
18902
74175
59004
3536
83073
26706
61394
60855
4224
74312
59847
94346
13852
91235
39699
44559
27980
31179
69423
37401
75299
62480
38817
65290
31849
4423
843
21097
32380
18509
47653
51283
92685
6657
54819
75757
33364
16212
36612
37589
90525
96459
31934
4377
87693
71634
48936
15673
2812
18358
53075
78111
80838
91892
43400
12687
96316
44243
33784
28695
62752
81437
79978
55436
88095
34797
31193
21458
51009
67806
59047
41534
64264
90982
45911
51957
62615
94847
67631
65427
13205
20705
43538
94044
12596
86938
6730
8911
31181
40514
37607
93934
21951
17585
49370
10045
52382
80564
31504
3391
48369
90551
44925
12633
81532
90836
64590
44147
85682
32221
9574
98888
52926
53112
92931
65523
40050
99661
74435
71231
40175
12041
65165
62127
29626
14534
72173
82009
95098
3676
85400
43467
94227
30324
56100
75759
21160
20690
19905
6842
52911
29479
5729
5836
82592
98661
71360
22641
98321
45794
93873
38496
57836
59037
623
87463
73572
72796
69471
68670
76472
54870
12136
70699
85195
68237
46457
6354
88927
66363
13196
41838
95843
18925
47675
78434
17585
19034
1074
15906
64829
94948
54403
22664
53984
55026
10126
27556
27821
79597
96226
4293
34467
8362
74992
19661
76600
21449
26015
65527
87812
39212
7364
83655
58138
55040
62088
75724
74074
63163
91631
38902
58110
46033
61566
12094
1059
71693
39650
28881
51289
35876
33174
85756
44239
8166
5417
20838
29615
31433
86365
17427
70645
93730
1081
28782
48769
63170
4505
22843
26332
96136
61745
84443
42169
23311
96537
43228
95004
36187
72109
46293
72064
5283
32048
16303
13449
37466
37142
43065
68899
23506
60492
39543
17236
61574
68326
66005
24743
72831
88849
51076
68967
50593
35518
11135
73905
32055
54364
68909
68243
26473
15201
40306
31756
47250
56610
45206
84716
93752
88271
53614
17258
48763
93157
34494
10336
61483
499
35080
34313
89348
86157
3280
39941
21675
14416
13846
53730
68780
82755
21973
95254
97957
62280
27009
45206
18889
72216
29921
12640
60487
83536
29899
9249
76693
64394
19585
38175
64893
54666
72489
54241
40822
75769
94183
62497
90185
8028
16227
58964
90784
38200
54217
88740
479
81227
33945
19369
53443
63867
32010
13929
47403
61909
23178
24095
26302
42764
62270
91196
97430
34758
45437
38252
10527
39619
748
711
47648
16976
59676
38432
55177
13893
27171
55657
95121
61117
75026
48563
24984
7036
62493
72387
68945
85671
96483
95248
28435
58752
86443
25865
93511
31879
64117
4038
71499
64866
4749
19147
81842
64425
57579
37019
78319
84751
92676
73439
45868
67701
22001
70852
74737
84494
43239
43682
70165
39721
38929
98600
98474
25372
24465
91985
57252
88582
96023
28750
53448
771
47897
35290
65197
5476
72309
43516
90227
64984
16954
36095
32685
38956
6946
7422
23450
50186
51104
93615
89908
90034
92215
88381
15405
16679
80366
72658
5261
76388
1407
58709
77160
49305
94000
42357
54782
66308
85873
45008
31292
2827
81103
63977
41783
88050
71399
65233
38236
22503
58848
28143
12537
51063
16524
27943
67742
96890
600
73004
73278
2008
31713
50438
51313
25712
92795
6094
92021
78668
51103
23312
81495
32206
87290
23277
20256
58689
88511
58493
81192
47358
86636
93730
98421
3159
21672
66163
49
22273
39167
73327
24281
70880
23764
75595
96593
16559
81690
88613
95227
32793
11925
76721
64999
99215
99999
85256
57903
88509
43748
39095
35867
30384
32824
34287
33544
54497
450
33593
76770
39617
6919
1050
10497
30684
76645
7089
47243
58334
95703
42470
91127
7628
19191
56126
6842
19190
41382
64745
7698
85131
3840
43566
15514
36664
77854
49058
91162
78304
82652
67931
17921
89572
68982
28418
20255
45626
35508
67499
3960
31211
9969
95088
38839
29160
51214
45681
48351
92596
10426
56050
77726
14266
99616
93241
50931
77469
42299
42093
55772
24950
10023
73694
14521
79006
2111
34776
24632
37620
2275
28592
68831
12244
23680
7670
41405
74894
53351
89756
67490
63778
45805
45216
78045
45421
38456
28976
22889
80755
71069
78662
5704
81093
52355
20225
60099
54466
55002
84731
92087
57277
13323
60917
69522
37003
68587
10926
11897
21938
682
79387
85717
46488
24602
63761
91909
63059
92738
14797
43813
63807
93459
49518
44899
45814
69744
4998
280
24745
89729
92367
82023
3051
53284
51544
40055
21870
62471
51952
43809
63154
31339
29525
9641
55942
93287
1550
19000
86024
16348
62814
49830
9807
12332
94730
55621
82076
99728
55901
6820
89457
48267
88844
92508
1550
40388
32563
23421
2858
84516
67230
66013
15854
96756
75654
71796
90043
77205
90797
76066
93553
53611
25896
3359
65943
20626
58980
48018
20353
14880
54839
9810
63148
43682
2317
64698
84070
34880
88120
86929
19395
55350
52941
35250
52105
28595
7046
42147
5799
97843
18213
99352
51454
44110
2711
17396
64736
61691
65414
85090
76572
20253
94900
39719
63936
97218
4417
48005
32098
92537
34934
51494
47887
87875
86744
99993
16470
93790
42139
22269
91633
60353
21621
43086
4463
24332
60483
69199
86024
25897
54289
62595
46150
49188
2314
10085
46406
6732
58091
78504
99270
93025
29997
47156
80900
16741
47148
97370
10531
89288
19639
2164
49641
41261
45251
54104
65594
5733
23302
51617
31630
77591
14212
77781
26779
16527
87866
73185
23259
45957
51689
22528
38981
81686
69684
19881
98428
16832
17250
8958
6119
36890
11122
55760
78151
56373
9863
43744
62107
33166
95362
93737
10757
9574
71518
37536
26101
59384
10721
49360
5340
62411
71889
44322
44097
41573
64203
42524
58405
81454
51482
64524
18343
62605
20284
96495
18977
30147
40239
81085
63313
35600
74821
74070
45175
46339
11606
71276
5722
22328
20636
11062
84739
92525
55384
28835
34098
19587
71360
92503
1040
22841
57027
19384
85447
77311
15878
4424
7457
56117
85509
70771
91718
60330
44841
36892
6668
56448
8168
12390
78776
28804
23452
63515
21329
78837
92351
55427
98424
63710
47930
99465
86552
4956
18848
71998
82267
34726
76422
89725
90844
61930
60496
82561
22259
5337
19453
28927
61785
27621
41317
40561
56425
64770
4075
77755
43607
96427
33182
42030
60136
81112
41494
46687
86069
60342
18684
68336
95069
95106
58060
85912
57036
18556
68472
79295
23893
87925
8222
85679
15546
49540
26239
71971
14309
30315
49726
57917
26741
82908
99947
86878
64019
41441
33564
50088
1783
52249
18423
96852
47355
76484
82763
4390
95040
51235
83686
18933
39160
91908
4611
54706
41447
30851
26677
55757
61167
76403
13673
87909
59311
13620
74786
23330
55061
8349
73418
56844
60599
91841
53695
7953
68324
36458
12343
63363
87693
96029
82297
26853
87936
86909
81559
29383
17760
8236
85141
78927
84639
98814
66835
43949
12434
41621
67280
67495
49971
40697
24339
10569
32537
78035
18522
860
14492
30865
64224
2185
26894
46521
29038
14830
33429
10597
44213
51189
18833
29354
30116
3472
28167
96952
47422
40602
38572
14701
8096
88543
55398
32435
99112
87935
10470
17633
88796
24962
48499
53020
27148
75394
99541
56187
90224
32969
66784
34437
84159
85618
63791
14274
89090
91959
11225
36511
32560
49797
51212
40657
38339
6610
73093
37451
94545
83563
55085
83341
8525
3583
36360
35673
78977
35901
91860
69201
68870
58644
3637
53029
44261
67429
67303
33351
59387
78529
69862
91948
28326
21074
32604
66666
27684
5696
4116
22229
89260
59201
5569
97785
62785
41930
33458
41762
77831
25317
10962
46701
83962
14600
99730
28223
82029
67033
61574
41416
45561
31436
33363
73887
52511
65967
40552
80195
71664
44669
2423
60923
3870
7993
58708
66655
49924
92166
8416
27754
17483
19379
74456
1444
33979
74185
29668
16007
41218
91243
57423
86779
22678
90786
60666
75189
56753
1218
55384
28417
45887
57808
89341
49757
65801
48048
16412
15725
40213
24828
43479
57696
44208
17934
59141
78187
92120
88809
94195
33337
80051
51617
20116
2729
42403
80783
77919
99157
82001
33302
27573
27888
91110
16914
77646
56911
64962
94058
72636
5174
18886
16115
62871
63094
34050
22011
41281
26169
10819
35475
59507
90871
87092
79624
93600
29495
60406
71518
28651
42407
4820
56225
70295
95930
73139
47940
52841
38100
41998
25476
43275
60885
41591
6145
23978
75642
28157
65260
1811
38976
734
61318
29847
87827
40942
23446
17321
1347
94965
45973
43754
99785
2197
14049
95715
75337
61990
48555
13437
3987
74032
56713
64873
15623
62858
88852
91265
91016
54111
93077
29991
54845
54395
59838
42671
95337
83285
59992
96685
78250
5965
40438
78034
8163
54488
73749
83500
16477
22304
96938
20465
96337
53650
85338
11959
16508
74189
3224
7523
28299
96301
37515
83145
50695
97354
25815
46032
80638
85808
42716
58888
91774
83155
36921
99937
37642
10670
83437
54120
32974
80374
74586
29311
34024
59923
41270
50532
34112
44495
58056
62412
40796
95572
45556
91492
92925
71372
37524
73563
57180
80240
32450
48953
63395
69372
48889
1037
80042
32325
55157
13016
12698
29742
42327
46723
89666
83598
97256
23777
28093
55311
86189
68890
50882
31745
60381
43807
3116
97905
17369
60296
78145
49819
9249
41539
19190
58138
42576
99233
90463
97734
12249
3161
27476
54577
49885
17141
38175
47140
40919
66268
2450
27108
35158
53333
58853
95539
97140
61970
93444
14509
22266
71589
64328
31515
13127
83519
89654
55704
82752
80117
53437
95001
83279
80914
49578
33163
98055
87753
80303
38973
54021
82754
66082
89179
36087
24934
84718
33226
86905
78161
47735
9170
49749
12063
40686
62877
95583
30339
18581
78334
10455
72018
73335
93734
52932
22912
26896
50986
10665
7199
89960
64686
89953
56041
53864
26039
80976
38581
59266
67880
16742
7001
77051
66492
19065
17737
29368
14647
48076
47949
92982
58532
19967
66316
52265
72899
89229
79162
23885
99894
86361
13845
64579
76314
69886
18443
2353
50862
57024
61620
18742
73767
68621
95794
40258
87687
13530
69627
2333
61606
17575
95316
20137
37543
61632
72403
10442
50861
51565
34328
50754
37925
48173
15333
14239
18058
33777
16593
68921
90802
78213
87663
64568
46834
83456
4825
34520
96986
74452
36854
58592
92028
32169
78730
29571
93802
51132
40013
44662
2696
74341
95417
40622
22513
10749
54862
40572
44526
71455
9493
35327
49667
97156
99896
96501
80612
4720
31021
77598
79173
67875
36190
71200
44
14919
771
93846
66052
40784
38507
68748
15125
33923
9370
37638
44673
64232
78211
89200
35686
87704
24527
85354
84860
24422
81854
65472
29143
12874
43070
8316
80750
79260
79516
80794
94179
80287
74640
60230
21071
13147
28978
36196
47071
38349
73835
91744
2580
52046
80944
38267
39750
5471
23620
24610
29893
5474
90082
59037
18349
33151
67353
99100
12410
46869
79894
6589
27156
54533
66820
48228
67680
95799
84425
14750
34147
58259
6494
36728
10305
87439
74995
50055
92910
98616
74665
22803
4090
64747
81841
22440
97899
49193
21539
10309
96063
1432
16898
23218
55966
83719
71446
23645
79517
55870
38396
13663
14129
44891
50392
24435
32329
25387
74490
25238
24002
49155
48042
28093
13902
29882
50533
11800
79076
72073
22109
75138
73506
39008
98356
29471
22726
69802
53116
2243
25672
91513
15906
39802
36403
66299
64237
68732
91686
38727
93971
15687
87883
42012
43781
1784
71895
94315
13584
50970
66387
35693
26107
39892
74702
24463
69363
97428
94266
22479
99671
19938
13991
15577
59740
50395
81876
23977
19126
73561
62704
13097
89249
50587
55110
33029
52371
27004
27344
65955
77975
93731
1648
4081
33623
76351
28545
2986
73778
22810
25465
73449
42748
39457
89027
2488
89852
70902
26466
8978
44463
89170
22075
33712
39756
77186
66742
92128
4190
94086
58083
82165
87817
59732
86246
21439
36082
14791
24425
9860
37602
49891
83309
80351
89348
72335
82839
79200
43237
9304
88179
87701
98475
10254
21412
38231
87440
88155
30358
91630
82240
88441
73794
70056
48173
60040
91496
84255
74831
15920
94115
12433
65812
77423
92784
55160
49758
75622
34359
92996
84927
22537
80696
83402
32792
2108
21632
20231
90263
51991
11861
72503
40432
85655
42559
88605
45695
34054
72859
20526
49975
66974
32959
15786
44397
25742
70947
94155
1364
5305
87151
86291
27843
67846
69692
60635
69955
91325
80867
60218
43315
92728
32720
83748
78383
75280
72352
24078
9334
45211
44604
59309
12184
77564
75096
56581
3305
46042
50736
4670
51348
37886
90962
79192
5732
60654
39827
75687
51978
20693
35904
95294
13421
68625
79041
91804
43904
51393
15881
53238
96604
60486
12547
8788
38049
87644
65369
41355
33686
16105
46025
85034
53991
36987
64225
59723
97641
4051
35410
49619
24745
71314
44912
38166
39939
23953
29969
83843
75346
45851
37081
71950
6336
49629
80738
44386
37272
46107
85741
70958
62213
31766
55992
16203
68754
20217
75927
66394
24269
11337
16012
49014
82652
60925
87181
22590
84879
17150
6433
60224
63001
43514
32174
69338
93143
12912
13724
30415
59020
99466
1373
21232
31231
57365
37436
99985
77583
13363
66379
1851
24700
82392
50865
7351
43316
38046
29941
28194
55196
36375
88419
18196
79889
20593
87535
73032
33505
1258
3447
92525
723
4820
13757
31955
62186
51194
31940
39768
64557
98319
41619
89257
80710
92485
96609
24026
30530
26550
52220
85727
62925
40639
3922
42814
61232
91458
15846
94737
92716
19294
87262
93440
24114
1019
25394
86301
52213
57334
26069
16769
55653
67688
6026
36363
60173
2635
60389
90704
29185
12609
76430
92111
53248
80353
34925
14480
71811
50772
9217
64527
70066
96480
57966
94180
97499
83361
80481
49711
40695
6549
66481
96348
74238
72508
32710
34411
75143
93100
25114
4328
5708
1544
96440
58957
81898
31364
73437
53709
82136
82655
18235
52201
79134
76201
46381
76632
59561
26862
26343
255
33411
92824
96604
7648
65331
29314
42059
40474
22413
67174
44802
28122
68719
41241
87080
50617
72606
60517
4325
54741
43171
22560
6942
22304
98762
53324
98937
58322
80186
25279
58578
13596
18103
55182
21245
83434
84496
63305
23907
6909
30479
68710
35032
99199
9950
22111
49815
82557
82629
54141
37298
25799
76702
44240
48104
75463
97565
47040
33785
77750
72320
92363
91347
90423
47545
12592
73857
32040
75897
97764
38950
6376
66473
73982
5574
76424
96094
55390
58980
78722
9530
96278
4521
86232
40518
52626
61695
38082
99666
95480
15832
71986
87843
7178
62408
35387
19770
36264
67428
95668
34028
6377
2043
501
80360
7618
76925
76454
63008
35905
55176
72539
32183
59697
58771
72701
12322
20465
10783
11988
15944
26615
83975
3787
33793
46382
39174
53564
82647
6601
49231
16675
12979
51275
17176
93340
58893
94102
69793
21901
30006
24968
94440
62190
84666
53210
34890
96988
73676
45673
8976
89621
72289
92951
93408
6081
39333
32581
59646
21980
39183
8877
38655
52163
60152
55831
45502
19045
49933
15294
40946
79940
40262
35386
42129
24927
88596
77019
21915
62272
22692
30892
51892
94982
23843
45299
1063
63177
77880
60709
85157
17063
69586
23812
69226
29738
79644
14727
48783
29576
30021
89730
9515
70284
25115
51644
95212
13711
28663
17126
75983
51356
48018
27874
46337
71862
73174
47400
35038
51054
8109
20194
68117
77696
44006
37343
7433
23649
52070
56217
53226
82092
45946
62741
52375
71062
14384
47587
84773
43048
64713
60756
94404
12731
88630
40741
84593
61803
88141
19630
12857
96250
39825
80974
73945
83832
18316
81379
7481
70387
37595
60707
52478
83542
23448
4853
54603
37832
52440
39375
80881
17153
130
75284
29884
88761
16024
14477
50564
4165
34108
63421
415
73933
44395
74361
57765
62712
55739
65246
33098
93335
25953
85577
76876
49401
90430
31478
87234
42870
70854
68114
60024
70985
43398
89909
59746
59423
4385
10310
63588
38494
73731
64004
12427
18126
38364
70192
80838
94103
35438
13935
87438
61392
99512
64313
10792
89942
95792
98027
32812
66646
66141
92836
37631
9539
82744
97377
68962
87130
7686
32550
25623
81418
96554
38050
99544
34917
8242
80381
29020
43680
94317
16457
5071
93828
80771
15864
83770
76563
13891
16581
43209
80033
9416
80840
89572
92161
78217
58534
79291
85903
91084
4914
67321
87637
42964
66864
22554
51207
47245
51575
94888
41561
68032
99960
35389
48803
15824
19158
25365
29715
35739
68574
9748
45156
49414
99320
37316
27630
57854
16607
13533
48937
21521
80854
36574
64486
47718
59129
15692
94963
10703
10579
36524
78735
10538
71913
27538
26362
91071
52904
56078
26810
21478
65826
71966
70892
65146
9282
98522
22999
25889
12055
71937
47410
92909
8510
11896
40627
67639
27588
35590
78343
38168
72114
57077
48707
44026
84616
75069
35097
37519
31147
61907
58997
96974
33872
29888
62119
43155
28410
85119
69044
40465
57055
16454
33374
65566
28350
74001
33205
55939
9590
11547
94107
81705
68625
42813
25731
53240
17882
60828
90760
49030
22735
49756
46003
56608
79645
8122
99763
8055
93241
68807
48521
50296
85261
81896
15861
13611
55896
49066
69550
65487
60614
63657
47191
29238
6470
72923
82479
24353
33750
73238
73383
56486
22994
19385
13093
2638
27508
12855
10694
20748
81663
59215
71044
66924
41111
86906
80535
97007
35971
50085
62494
96586
13742
9685
25823
20212
82608
8302
44565
16357
81540
17947
72844
4533
37333
85937
7172
64841
98793
17867
85590
80455
77083
56634
47378
18193
43539
27913
15200
79511
77999
77694
76096
91741
87379
1919
11953
69986
10221
56518
86344
91762
74466
59187
96295
11799
45124
3467
76641
43916
21335
62231
24371
98418
18864
71749
16610
62403
99662
31811
41914
77661
9504
18010
69401
96884
19929
81354
66870
30151
37872
53214
21912
12337
12400
18207
24137
57525
21675
777
1441
43010
63008
25812
41428
81872
97561
58039
44275
97223
89850
86190
74883
99354
4199
44284
96238
24129
25637
63107
54280
63509
16320
76193
75847
28721
94400
99984
86246
16074
761
87687
59085
63770
13498
512
45642
11059
58551
89917
8282
48400
76107
83166
47754
80307
27449
43991
4435
53087
7097
58716
16596
23417
34908
92444
52138
29307
92427
38383
45382
93189
26070
4466
56958
39569
4978
2599
50629
63529
92517
58911
11929
68623
42077
59683
48930
69527
3673
53365
22613
10770
12081
39210
34187
46989
31653
86326
76297
24080
24709
21678
17268
50779
26145
74227
90349
31124
76826
40977
94654
69342
99888
6582
37965
41965
66265
86895
11491
69938
40260
34104
80709
52341
73314
14895
99331
4967
1221
75627
29047
25930
97306
46316
76710
23450
20542
67058
54574
97368
8034
49227
66710
7922
55810
4675
49887
22074
91571
61378
92013
31830
95483
72721
84172
68797
87617
83502
73764
88838
59129
2811
14767
56434
49127
91478
79885
69669
58535
34459
67036
66570
83687
33746
74493
39496
38421
24380
61570
29991
85759
53583
61822
81241
26303
45994
50038
13919
29496
23801
2757
88625
26612
17525
45059
75739
9002
24943
45408
67538
59402
12443
34108
43088
46190
8600
82584
84611
32980
44154
14602
18738
97737
76425
99980
24040
22419
50017
37960
51915
73819
40717
40539
431
58243
85598
76171
67245
10541
21578
34783
69944
34022
68891
13031
80212
77491
95616
64823
10471
39770
79426
29210
37507
55850
29189
61547
78269
79206
99508
30183
53025
40224
70723
53456
98467
56321
29627
65712
66863
51205
494
36806
85228
69386
49838
65439
46877
45453
30261
57348
85224
9686
86558
22730
65537
15746
84278
43806
94953
83785
73990
47978
24009
44712
1434
22475
1033
31061
88188
67896
82267
88683
4701
67494
58068
54539
32933
4944
99993
63194
62292
85216
72881
48850
7946
38418
64597
92224
82224
59550
76009
56213
7527
17
925
8961
22493
1959
40022
10680
69855
22289
99364
74557
89783
57431
29095
22715
62375
29088
85910
24667
14304
58791
73518
22250
97209
38114
14474
79433
97664
90484
35646
5190
90501
36572
14152
12994
38531
54175
23675
8385
76464
23038
82943
66246
80469
12038
88962
42844
41126
74871
67512
55430
33661
41029
77681
30870
79143
92156
10303
76807
82639
45950
81997
73140
82522
96150
86135
21052
50324
9809
29438
26787
32848
12380
93034
13316
24418
81995
56161
65545
56865
23672
20975
90527
64702
98657
21397
43844
90812
31700
20651
73451
77651
2647
46591
60172
98798
32725
81225
49121
42535
10663
75908
75383
23043
68942
88700
47462
50936
44860
13007
7800
68533
33982
98328
33234
32638
19724
77079
23450
51425
97730
96902
29075
377
43492
89248
99175
76218
70472
48296
18752
81136
24204
94136
4178
93146
82835
51641
44081
27695
64648
51882
96229
98631
50209
29463
31268
69934
6542
54719
21358
4271
51620
50434
4649
95112
39681
3824
71330
10153
52121
90082
91289
76325
84218
95468
69471
67052
47109
13551
94748
11756
65434
90976
10387
15642
20438
41655
85576
26981
96375
6934
31253
47994
57368
35902
43105
97049
39727
14435
7202
91848
4516
98491
68173
88734
93959
37643
55786
41067
51195
50533
52824
16628
41509
63211
32271
61948
4866
17847
88929
1240
24781
20181
49235
82149
56084
92341
79198
95812
6775
86401
87659
11291
84892
55832
25
78850
93475
55812
19917
44670
6345
72742
61298
47854
35952
93569
9802
40819
11416
98732
42060
36197
18912
91295
18346
74997
83635
97545
70808
90410
83945
58467
1701
68836
14298
1727
47685
7773
57540
67603
52443
63885
40344
13741
11739
76297
7310
21542
17116
18726
20273
59176
54924
39186
50471
73270
14182
34106
70814
84991
24516
54759
43457
26218
23594
57756
27946
71280
65530
85486
38882
17973
49371
79226
31714
61111
55523
39025
82653
72639
57752
2925
31814
12675
42111
82286
85946
56294
16391
56759
41284
40908
11517
84742
67126
35112
42497
95072
6391
8027
80558
45273
26000
29928
24499
57715
91039
80022
96740
73691
52660
54491
76617
84475
67167
18728
66761
53112
75022
83153
9871
16306
24060
21389
1047
91186
56501
43545
86258
62893
51572
66815
8166
77572
96744
32665
35286
87782
12687
32026
61473
65348
86518
38089
49823
53684
56818
16583
6796
31840
99736
16667
48146
23796
38056
49193
14981
94558
92738
1239
57450
44309
68055
65616
21881
64798
98282
57168
52580
10969
89194
14052
76317
75711
52142
26139
29395
8959
42723
36191
40800
42458
52859
88946
66254
90916
38139
81236
85473
30877
82476
42923
75187
50531
8539
97068
15328
6820
54235
67908
17789
43428
81961
94107
19139
34102
20246
48535
43062
62969
84726
83862
5427
37585
72808
71682
28500
10946
52918
13973
41823
35394
56897
17009
85925
65436
14076
1252
72257
68312
69161
90047
11740
51122
84153
30879
85225
4399
79414
28286
67369
64140
12148
72796
1725
84957
44478
30225
95903
97397
44199
37725
32790
1095
54735
18714
66532
68812
19967
38788
37123
89129
28835
48863
40250
12987
79743
25474
17387
59157
53761
84756
23296
65909
57552
25021
50865
2029
55247
46768
99426
99447
84494
32216
542
39228
50930
67075
8040
70898
5862
45163
60026
34698
94027
275
47685
73769
25750
65073
32925
79511
49828
56222
45420
7379
81244
96286
9408
36491
43053
8834
35937
27547
41050
36480
66775
91981
3554
74816
62878
9417
19978
22904
44115
14005
23180
91801
87775
48930
56873
20700
28440
6700
76922
73860
14080
58166
70146
23488
94657
13198
32323
30594
40745
73374
67075
7520
65354
70629
82336
28232
80046
2314
51137
24161
16320
74317
15961
4094
23246
72835
24794
51687
79535
1716
25547
93615
59882
95693
17103
54539
8890
49427
85134
49636
22800
52208
57157
88155
22837
39493
16387
2883
41808
67524
27044
58128
41841
43006
62222
65088
15840
87017
16774
95376
88733
42321
88990
48615
38013
6093
3154
46904
55521
88289
96541
78321
40496
53697
66476
63334
93191
82864
66217
34998
50388
93261
93126
92229
36267
55348
57316
52107
42365
74090
47482
31098
16411
36472
79714
54425
42565
82868
1328
98086
71156
97869
76407
11652
51566
42883
74986
44756
25746
41202
79754
76134
34463
72880
68362
70730
28228
25678
22837
70594
99769
70319
1691
16180
6791
81405
70605
49357
64273
71933
47443
35429
69802
23849
47082
21367
66732
22067
66123
92479
63270
45877
68612
97734
18757
36974
68464
46985
62653
91301
17579
62421
61620
19270
78601
68411
675
49205
17767
64949
21138
65210
378
90940
89060
47460
12306
55792
69527
78430
48270
32797
24306
16882
30530
43064
53857
98995
90050
16509
90296
7628
78931
51915
26899
57532
20326
27574
6737
38094
92524
27876
3304
92902
18815
92364
40361
31122
48156
9888
9551
96427
42685
33858
13309
73216
76923
67166
72210
66972
83676
62505
74600
62607
14420
1498
20139
34746
29073
26876
72841
21596
54753
76145
14497
73568
68509
54858
4690
16665
64747
14241
13091
7431
48100
26400
80648
25023
93567
52858
91995
77243
15362
66594
39849
29783
68093
59988
64530
97166
86865
37370
18761
41617
13515
33259
15185
82024
88118
19875
98689
52864
34117
11780
60295
82218
38181
40943
7240
31747
93801
99235
8989
9163
65829
48839
38946
33921
8826
3475
31086
95692
40846
49848
37308
54362
83108
52493
36385
71225
72368
35074
24088
6485
46855
84384
88703
85036
25326
95943
16782
19126
95177
25772
28289
61005
74611
67236
94927
83438
70712
26013
79129
11557
75861
16436
65919
58968
68930
2304
30193
41298
37379
54281
47783
84235
38664
36485
69270
63991
32427
86053
83117
27604
11824
11406
88609
86436
78642
83536
69873
49353
9548
49001
60911
85409
65437
26830
44377
34367
29134
74570
75665
66514
28851
23447
50748
67516
59933
20018
31506
92360
6070
14622
19964
17895
26029
8572
4330
4670
92109
74203
54023
1656
23203
14934
87066
88641
41764
31442
23007
70899
6012
98673
37412
34864
22119
88161
2379
82053
8178
33885
74412
14249
48508
94376
32144
74537
2948
36474
79208
95057
10676
33231
96714
33880
48165
83779
22520
89929
15221
45528
60827
21234
44200
98240
56098
66319
86400
58477
48371
94579
92363
22783
8827
40871
17159
40971
15407
20108
77446
94616
15165
88123
27846
11878
22002
76011
95658
44523
65939
10878
90051
26766
32112
34250
25005
88210
569
11404
46687
48941
5982
39050
71725
14810
79921
88885
55782
95329
8992
33227
89944
24158
21350
17790
36037
43352
93801
31694
87875
59740
42572
77925
86506
74685
12175
11510
62895
12744
22915
9582
61686
28898
48632
33410
43708
28552
22294
99491
23881
31287
32717
13824
55446
54067
31614
91483
97420
25415
23176
85295
85155
65749
63220
71661
40434
75395
83171
3328
88140
6086
12910
49825
34984
61543
83236
78692
90096
5530
78182
13976
36818
10899
27801
92264
64967
59416
83746
62386
84831
6922
47681
69986
72671
10900
41647
13105
86295
24817
16433
74434
30903
29344
24259
65888
90887
7495
44579
80983
13026
22761
94959
49844
33661
22759
42107
98628
82175
25853
61014
67006
32775
8694
36991
5446
19594
78638
18551
5889
3455
34985
80324
34359
64330
4583
246
55217
12078
44826
36199
25105
67588
31157
74949
1248
53917
17056
99877
36091
42909
60891
3096
75685
69586
40088
81131
89181
18726
99683
95071
22182
34668
75394
56542
98998
79977
56788
54214
92056
1614
90413
17161
69203
21570
92110
70451
75487
9166
70328
11578
52075
31219
14675
27759
804
54763
8890
89986
73490
8573
85056
95672
43241
60449
52213
42238
40426
9001
96453
32482
10616
86866
49644
79819
8435
41753
50270
83922
50919
20597
95501
2994
51817
10175
30754
52621
64939
39645
42607
38428
48218
27662
34100
91460
88112
86313
33698
28538
95315
30150
61021
5931
17015
10664
85750
25451
52417
36019
9372
3336
56617
4873
6331
8433
15048
37085
61055
79987
76731
3661
18415
24949
31324
52515
16408
19435
38828
50106
47973
34143
80257
8993
40074
97272
19657
25823
22722
72075
61843
32095
75412
18459
36968
81743
26893
52017
18828
87949
32003
95559
91611
50418
20507
22934
2933
36915
42369
41761
87022
90343
75904
67278
99336
15977
64550
18993
41801
87272
91068
3643
19367
66479
22103
56336
48221
48997
8352
67050
36945
40356
62608
28555
90775
83115
51490
93708
20030
93859
35469
7051
84201
11373
74330
83537
27350
38879
2529
69152
26151
93598
72795
45518
60076
94899
1853
8297
43895
10206
75348
80841
50562
37955
9396
41337
21070
60886
35045
41101
54744
70514
48153
38945
81887
22482
22482
9237
61361
25011
78389
87512
18608
51184
33030
78685
46082
34884
86983
89978
45090
62330
70818
95653
285
80214
36989
21356
41100
72034
62457
95845
42548
10609
34789
24435
33091
57271
33672
94453
82283
12061
81964
891
63245
14994
79577
9327
49878
66560
99305
94968
28890
70123
90621
29175
50337
27610
50531
91437
99645
12987
87281
42192
23597
22070
66627
56688
79342
299
51141
61624
12360
33105
62515
75606
48099
42092
84933
97977
8651
84238
92945
37541
54360
83566
66717
4697
11175
17248
96134
10820
30236
83415
53012
53833
5484
19639
10521
84826
19939
61662
46450
32300
94767
8964
7905
42865
51057
92839
40842
59708
77076
33787
97250
31436
17352
63966
36133
28528
81215
32267
39348
11450
15681
92361
65283
21166
12000
75804
5992
31939
37466
52442
64240
32232
61407
72145
75098
12463
64984
15939
72172
42060
49727
69421
73497
67079
33387
9630
95607
14601
41897
34955
26051
57579
27315
91335
78746
39315
67139
84738
71255
4604
37179
35494
36836
98586
7639
11934
11049
72623
27874
83221
14682
77601
52641
88180
44680
86028
97810
40287
629
39706
75242
26680
97286
2557
18015
76031
41872
85154
60768
13127
89758
97947
48621
26594
96533
56260
38528
7581
28883
66402
90802
43566
44003
43443
31745
88683
29471
29554
28969
30100
69261
4211
56781
66546
6768
74796
42577
48641
59949
3344
61768
49706
1291
10389
76301
97825
66649
14828
5405
95533
81231
96208
39099
25233
39650
70844
13916
69122
398
42885
99222
69659
47097
56003
36205
53865
30798
78783
2505
90748
82127
64273
40454
83419
74662
16754
81243
41311
31583
86649
36844
12813
82856
75943
38047
22506
46787
51963
91628
47185
94849
90850
16844
41945
46852
53050
95810
77651
31832
98315
68399
13959
62588
8852
97379
37250
25607
78621
78561
57190
65270
15405
70004
48126
91348
8050
70632
38134
60013
62260
85319
54861
53109
2163
96806
99962
55213
92616
77612
87046
90931
46010
1004
53518
54863
98383
90769
80471
77004
69330
37660
42273
84735
7664
90399
76082
15714
61031
14216
75728
23290
99536
30589
76400
1698
27395
76361
56912
20010
53973
43957
10940
99984
44962
64459
54846
43345
55227
35316
20348
24556
72977
62622
9291
80641
53021
85373
96356
14051
99589
72083
37342
99125
2671
13741
822
30066
90103
57734
50077
44075
1691
61018
44058
46653
25477
98905
89998
80704
34221
10346
5260
7198
72968
14551
87839
25988
99925
84195
40040
99514
56277
77383
98638
58949
91125
99461
89016
81227
57195
39092
25302
58886
110
69360
5539
25587
68265
95538
6291
2486
5883
11552
9684
78852
26103
97524
4840
26028
81718
44881
25542
37995
22263
24179
96944
13387
23639
85960
94615
80835
25051
19916
39720
25161
89277
45260
50749
57541
40797
57040
60027
46680
68592
69712
25532
94696
67235
30372
20723
48952
75253
46266
86948
97517
70445
83891
10903
94085
69850
5517
74919
94902
25433
14639
20063
14709
59899
70812
72251
696
27851
32278
47377
96444
1989
72909
91139
69225
3281
11862
18177
78534
58128
5124
76050
28573
89016
86954
22658
58865
92471
97578
53767
17904
12216
73830
32614
72116
44642
4864
72812
72494
37143
20188
68937
39133
93098
60075
8357
96379
71938
26534
74913
30065
31658
50963
58638
20673
37916
81297
79539
30386
78874
33306
48291
91090
7136
80905
63206
51778
85770
36018
24271
22912
56207
93209
62045
49304
53283
70402
45683
25220
96937
20595
55286
28594
71558
13924
49268
9473
95221
28807
39860
74094
62113
88152
65184
69249
69056
28390
21027
54825
64408
45299
77738
20614
38507
39783
69919
91790
10185
15601
17010
7121
36196
72297
35716
7754
86222
84985
17227
81442
13791
57088
55536
75904
45239
20720
45153
14295
49110
66180
69121
13517
11478
46858
34132
49986
86641
4050
41775
96826
19652
58786
3947
55848
31083
39663
63602
17304
24647
80830
98747
38438
37918
54282
14342
83157
75003
59496
97452
24112
25676
66572
37630
37155
13430
71763
87141
71
75813
28916
96897
95465
87703
844
51313
18785
40507
14915
36090
65155
95746
34836
3593
33663
89119
17936
16820
64121
77432
14272
88233
3108
80845
25863
40263
94276
97626
27404
94347
73439
56320
91244
68904
44022
92088
20216
62808
32595
35132
98898
97750
30878
33734
1342
64542
22852
19278
81362
86973
96711
95635
75205
99820
76480
1068
40082
70755
98694
67487
65102
72132
23806
56345
41035
67829
48433
61252
30637
81028
96384
29535
78778
27262
63269
80121
91804
86121
99400
73166
73093
96110
68800
48298
95930
45280
49366
36011
16035
48060
3498
81137
20191
27304
37482
61226
95134
85915
22478
25771
66943
18862
55306
45720
46124
18575
25840
37927
4695
25239
11092
77789
21349
79893
26087
17278
25173
75454
53290
41208
23513
56788
22344
43705
84093
59827
4931
79227
45742
27409
4997
12684
46271
60304
58405
92395
78879
84246
30321
83575
9485
41414
61364
30834
21307
87451
48113
46480
62905
1403
87688
86419
58192
10032
30123
42285
69859
35054
21512
15600
62464
26510
28285
8734
86814
86690
1128
65693
70935
31450
49267
80421
72865
10631
11254
94172
98083
59368
40651
60987
60772
28339
47406
18963
38371
77529
61248
8230
12583
82760
23831
75047
9270
52117
83782
96084
38806
84910
61777
9741
16360
11043
90162
89225
21675
1416
83396
19757
60785
24047
80744
21556
52386
28150
40520
90758
5678
1767
98989
18262
84528
22820
93310
93799
74937
77091
89882
13743
62001
51658
23485
78362
62702
13647
67586
84377
15063
50982
4133
75849
75030
84878
97405
27415
13028
37924
18173
18706
39692
17161
36969
24220
39982
30279
18018
14918
7369
7900
28661
69371
59559
52147
47732
22261
65794
15318
6637
80858
66300
10771
56706
41329
95650
54111
68745
8677
92036
86919
27384
31728
4079
64354
55949
44061
94633
73968
58980
2002
81868
87642
71373
41427
39788
19105
63688
5581
34423
70326
86439
723
81098
43145
42053
76748
97256
10797
85425
89292
97717
12809
21019
1795
77164
76968
45857
71796
50935
4837
73798
32803
92479
45171
74230
32267
64276
37918
37848
98700
8243
24287
99423
89341
67433
41475
66088
64689
52273
51513
53980
49989
64323
74999
51785
41486
51967
97643
13282
2901
2480
87081
35705
94959
32251
9935
27225
96528
47853
65074
95228
56096
89362
94650
45437
56795
36125
11525
21483
88399
63039
75463
38388
27361
50462
90174
68848
2428
87816
82130
5330
90296
69210
41035
85255
1461
50970
12480
97990
98824
77555
93217
54920
66917
87866
356
23711
23991
11882
45194
12389
74921
20656
50778
2282
71119
40951
71130
73547
28766
53260
78877
19062
22469
19912
4317
23931
70883
16797
21920
69706
94353
15136
24625
61269
3002
24982
84980
26993
36865
30173
39383
11786
50830
90161
14068
21948
31112
85199
95495
59878
38459
74372
78941
60929
94285
83258
84860
65167
55
6779
34873
94408
21915
59499
55676
24918
84482
40656
51911
21346
70829
91295
33132
21659
81456
47201
43607
12567
32400
39102
72446
70859
13474
51386
31787
7758
34644
16646
72926
34700
23426
7799
29108
45342
67298
84785
70260
51779
25440
22171
73126
96270
13465
6257
17928
94921
53459
61536
7488
85859
637
79934
56717
14111
31320
88505
21870
65965
5150
94797
664
28576
2595
29772
73919
69894
14557
44178
21673
39997
66349
94799
36266
79814
1056
54195
74735
54515
15730
82223
40374
16367
62156
97091
30479
93476
85595
52350
59440
90746
47146
60105
19322
49741
89878
93241
19634
4434
37418
41307
44431
3766
36106
80698
83581
37162
34892
58316
91678
50622
40538
32051
66990
2694
29142
97470
96171
14737
49819
55611
5482
96966
15715
24805
46707
5593
18045
66342
10027
55464
7649
54459
59231
43755
35156
42812
80918
70049
1127
72596
20671
41665
4646
87662
44359
33789
85131
40530
48526
34950
96141
54009
31916
11856
78814
78623
17449
96860
44964
27477
52323
52614
81936
11554
96369
17092
54366
77287
87141
55493
49882
7812
97158
54529
95474
41517
88318
80604
82047
36843
15554
78188
90852
47470
90044
69666
26093
7493
66525
71057
34970
18847
